 2.381320E-1      2.155678E-1      5.129305E-1      3.952748E-1     -2.800366E-1     -5.548351E-1     -2.631135E-1     -3.146886E-1     -8.530036E-1     -9.343956E-1     -4.105860E-1     -2.163736E-1     -5.161538E-1     -3.976923E-1      2.735898E-1      5.508059E-1      
 2.598902E-1      3.114653E-1      8.473626E-1      9.287547E-1      4.057509E-1      2.131503E-1      5.129305E-1      3.936630E-1     -2.768131E-1     -5.548351E-1     -2.615018E-1     -3.154945E-1     -8.513919E-1     -9.335897E-1     -4.081684E-1     -2.171794E-1      
-5.177655E-1     -3.984982E-1      2.768133E-1      5.508059E-1      2.598902E-1      3.114653E-1      8.473626E-1      9.279488E-1      4.057509E-1      2.131503E-1      5.129305E-1      3.928572E-1     -2.800366E-1     -5.548351E-1     -2.623076E-1     -3.146886E-1      
-8.513919E-1     -9.311721E-1     -4.097801E-1     -2.163736E-1     -5.169597E-1     -3.960806E-1      2.735898E-1      5.516118E-1      2.598902E-1      3.122711E-1      8.489743E-1      9.303664E-1      4.057509E-1      2.139561E-1      5.121247E-1      3.920513E-1      
-2.784249E-1     -5.548351E-1     -2.639194E-1     -3.171062E-1     -8.521978E-1     -9.303663E-1     -4.081684E-1     -2.163736E-1     -5.161538E-1     -3.968865E-1      2.760074E-1      5.516118E-1      2.590843E-1      3.114653E-1      8.457509E-1      9.279488E-1      
 4.065570E-1      2.131503E-1      5.105129E-1      3.904396E-1     -2.816483E-1     -5.548351E-1     -2.615018E-1     -3.163004E-1     -8.497802E-1     -9.311721E-1     -4.089743E-1     -2.179853E-1     -5.185714E-1     -3.968865E-1      2.760074E-1      5.524176E-1      
 2.574726E-1      3.106594E-1      8.457509E-1      9.263371E-1      4.041392E-1      2.139561E-1      5.129305E-1      3.936630E-1     -2.800366E-1     -5.548351E-1     -2.615018E-1     -3.163004E-1     -8.521978E-1     -9.319780E-1     -4.089743E-1     -2.179853E-1      
-5.193772E-1     -3.968865E-1      2.752016E-1      5.508059E-1      2.615019E-1      3.122711E-1      8.481685E-1      9.287547E-1      4.041392E-1      2.147620E-1      5.145422E-1      3.936630E-1     -2.808424E-1     -5.556409E-1     -2.623076E-1     -3.138827E-1      
-8.489743E-1     -9.319780E-1     -4.081684E-1     -2.179853E-1     -5.193772E-1     -3.952746E-1      2.768133E-1      5.500001E-1      2.582785E-1      3.106594E-1      8.457509E-1      9.271430E-1      4.065570E-1      2.139561E-1      5.121247E-1      3.912455E-1      
-2.808424E-1     -5.564468E-1     -2.590842E-1     -3.154945E-1     -8.497802E-1     -9.327838E-1     -4.097801E-1     -2.171794E-1     -5.161538E-1     -3.960806E-1      2.760074E-1      5.532235E-1      2.590843E-1      3.106594E-1      8.465568E-1      9.263371E-1      
 4.049450E-1      2.131503E-1      5.113188E-1      3.920513E-1     -2.792307E-1     -5.524175E-1     -2.606959E-1     -3.163004E-1     -8.538095E-1     -9.311721E-1     -4.081684E-1     -2.179853E-1     -5.185714E-1     -3.960806E-1      2.760074E-1      5.500001E-1      
 2.598902E-1      3.122711E-1      8.457509E-1      9.295605E-1      4.049450E-1      2.147620E-1      5.137364E-1      3.936630E-1     -2.808424E-1     -5.532234E-1     -2.623076E-1     -3.154945E-1     -8.513919E-1     -9.319780E-1     -4.065567E-1     -2.187912E-1      
-5.193772E-1     -3.952746E-1      2.752016E-1      5.524176E-1      2.606961E-1      3.122711E-1      8.473626E-1      9.279488E-1      4.033333E-1      2.139561E-1      5.153481E-1      3.912455E-1     -2.808424E-1     -5.548351E-1     -2.623076E-1     -3.154945E-1      
-8.530036E-1     -9.303663E-1     -4.089743E-1     -2.171794E-1     -5.209889E-1     -3.944688E-1      2.752016E-1      5.508059E-1      2.590843E-1      3.130770E-1      8.465568E-1      9.271430E-1      4.033333E-1      2.131503E-1      5.153481E-1      3.928572E-1      
-2.816483E-1     -5.540292E-1     -2.615018E-1     -3.171062E-1     -8.513919E-1     -9.295604E-1     -4.073626E-1     -2.187912E-1     -5.177655E-1     -3.960806E-1      2.776191E-1      5.532235E-1      2.615019E-1      3.122711E-1      8.481685E-1      9.279488E-1      
 4.041392E-1      2.131503E-1      5.153481E-1      3.928572E-1     -2.784249E-1     -5.532234E-1     -2.631135E-1     -3.179121E-1     -8.521978E-1     -9.319780E-1     -4.089743E-1     -2.179853E-1     -5.169597E-1     -3.960806E-1      2.768133E-1      5.491942E-1      
 2.574726E-1      3.114653E-1      8.505861E-1      9.279488E-1      4.049450E-1      2.123444E-1      5.153481E-1      3.896338E-1     -2.808424E-1     -5.548351E-1     -2.606959E-1     -3.146886E-1     -8.521978E-1     -9.319780E-1     -4.081684E-1     -2.179853E-1      
-5.209889E-1     -3.984982E-1      2.768133E-1      5.508059E-1      2.590843E-1      3.114653E-1      8.473626E-1      9.287547E-1      4.025275E-1      2.139561E-1      5.121247E-1      3.920513E-1     -2.792307E-1     -5.548351E-1     -2.615018E-1     -3.179121E-1      
-8.521978E-1     -9.311721E-1     -4.081684E-1     -2.179853E-1     -5.201831E-1     -3.968865E-1      2.776191E-1      5.524176E-1      2.550551E-1      3.106594E-1      8.465568E-1      9.263371E-1      4.049450E-1      2.147620E-1      5.153481E-1      3.928572E-1      
-2.800366E-1     -5.548351E-1     -2.631135E-1     -3.146886E-1     -8.538095E-1     -9.311721E-1     -4.073626E-1     -2.163736E-1     -5.185714E-1     -3.944688E-1      2.760074E-1      5.500001E-1      2.590843E-1      3.106594E-1      8.457509E-1      9.271430E-1      
 4.041392E-1      2.147620E-1      5.137364E-1      3.920513E-1     -2.800366E-1     -5.556409E-1     -2.623076E-1     -3.163004E-1     -8.513919E-1     -9.311721E-1     -4.065567E-1     -2.204030E-1     -5.193772E-1     -3.944688E-1      2.784250E-1      5.491942E-1      
 2.574726E-1      3.114653E-1      8.489743E-1      9.263371E-1      4.041392E-1      2.131503E-1      5.161539E-1      3.928572E-1     -2.816483E-1     -5.532234E-1     -2.606959E-1     -3.171062E-1     -8.505861E-1     -9.311721E-1     -4.089743E-1     -2.179853E-1      
-5.161538E-1     -3.944688E-1      2.760074E-1      5.491942E-1      2.574726E-1      3.098536E-1      8.497802E-1      9.247254E-1      4.025275E-1      2.155678E-1      5.153481E-1      3.896338E-1     -2.792307E-1     -5.556409E-1     -2.615018E-1     -3.187180E-1      
-8.521978E-1     -9.311721E-1     -4.073626E-1     -2.179853E-1     -5.201831E-1     -3.944688E-1      2.768133E-1      5.516118E-1      2.574726E-1      3.122711E-1      8.465568E-1      9.279488E-1      4.025275E-1      2.147620E-1      5.145422E-1      3.896338E-1      
-2.824541E-1     -5.540292E-1     -2.623076E-1     -3.179121E-1     -8.530036E-1     -9.303663E-1     -4.073626E-1     -2.187912E-1     -5.185714E-1     -3.944688E-1      2.768133E-1      5.483884E-1      2.574726E-1      3.130770E-1      8.489743E-1      9.271430E-1      
 4.049450E-1      2.171795E-1      5.177656E-1      3.904396E-1     -2.800366E-1     -5.532234E-1     -2.631135E-1     -3.146886E-1     -8.530036E-1     -9.327838E-1     -4.081684E-1     -2.195971E-1     -5.193772E-1     -3.944688E-1      2.792308E-1      5.500001E-1      
 2.590843E-1      3.114653E-1      8.473626E-1      9.263371E-1      4.057509E-1      2.163737E-1      5.145422E-1      3.928572E-1     -2.824541E-1     -5.540292E-1     -2.631135E-1     -3.179121E-1     -8.521978E-1     -9.287546E-1     -4.073626E-1     -2.187912E-1      
-5.193772E-1     -3.968865E-1      2.768133E-1      5.516118E-1      2.574726E-1      3.130770E-1      8.481685E-1      9.263371E-1      4.025275E-1      2.131503E-1      5.137364E-1      3.904396E-1     -2.816483E-1     -5.548351E-1     -2.623076E-1     -3.163004E-1      
-8.530036E-1     -9.327838E-1     -4.065567E-1     -2.195971E-1     -5.185714E-1     -3.968865E-1      2.784250E-1      5.475825E-1      2.566668E-1      3.146887E-1      8.497802E-1      9.263371E-1      4.057509E-1      2.147620E-1      5.121247E-1      3.912455E-1      
-2.808424E-1     -5.524175E-1     -2.615018E-1     -3.163004E-1     -8.530036E-1     -9.303663E-1     -4.073626E-1     -2.187912E-1     -5.201831E-1     -3.944688E-1      2.792308E-1      5.524176E-1      2.566668E-1      3.130770E-1      8.481685E-1      9.263371E-1      
 4.033333E-1      2.123444E-1      5.137364E-1      3.904396E-1     -2.800366E-1     -5.532234E-1     -2.606959E-1     -3.187180E-1     -8.546154E-1     -9.311721E-1     -4.065567E-1     -2.163736E-1     -5.209889E-1     -3.944688E-1      2.768133E-1      5.500001E-1      
 2.574726E-1      3.122711E-1      8.497802E-1      9.263371E-1      4.033333E-1      2.123444E-1      5.137364E-1      3.920513E-1     -2.840660E-1     -5.524175E-1     -2.623076E-1     -3.154945E-1     -8.521978E-1     -9.303663E-1     -4.065567E-1     -2.179853E-1      
-5.193772E-1     -3.944688E-1      2.784250E-1      5.491942E-1      2.574726E-1      3.138828E-1      8.497802E-1      9.263371E-1      4.025275E-1      2.163737E-1      5.153481E-1      3.904396E-1     -2.848718E-1     -5.532234E-1     -2.606959E-1     -3.171062E-1      
-8.530036E-1     -9.303663E-1     -4.065567E-1     -2.187912E-1     -5.193772E-1     -3.960806E-1      2.768133E-1      5.508059E-1      2.574726E-1      3.122711E-1      8.465568E-1      9.255313E-1      4.009157E-1      2.139561E-1      5.169598E-1      3.912455E-1      
-2.808424E-1     -5.532234E-1     -2.598901E-1     -3.179121E-1     -8.538095E-1     -9.303663E-1     -4.073626E-1     -2.179853E-1     -5.193772E-1     -3.944688E-1      2.784250E-1      5.500001E-1      2.566668E-1      3.130770E-1      8.497802E-1      9.287547E-1      
 4.025275E-1      2.139561E-1      5.169598E-1      3.896338E-1     -2.840660E-1     -5.532234E-1     -2.606959E-1     -3.171062E-1     -8.521978E-1     -9.295604E-1     -4.097801E-1     -2.187912E-1     -5.201831E-1     -3.960806E-1      2.784250E-1      5.500001E-1      
 2.566668E-1      3.122711E-1      8.481685E-1      9.263371E-1      4.025275E-1      2.139561E-1      5.169598E-1      3.912455E-1     -2.848718E-1     -5.556409E-1     -2.615018E-1     -3.171062E-1     -8.521978E-1     -9.303663E-1     -4.073626E-1     -2.195971E-1      
-5.193772E-1     -3.928571E-1      2.792308E-1      5.475825E-1      2.590843E-1      3.138828E-1      8.497802E-1      9.247254E-1      4.017216E-1      2.163737E-1      5.145422E-1      3.888279E-1     -2.832601E-1     -5.548351E-1     -2.623076E-1     -3.187180E-1      
-8.554212E-1     -9.295604E-1     -4.049450E-1     -2.179853E-1     -5.209889E-1     -3.936629E-1      2.784250E-1      5.491942E-1      2.558609E-1      3.130770E-1      8.481685E-1      9.255313E-1      4.025275E-1      2.147620E-1      5.177656E-1      3.904396E-1      
-2.824541E-1     -5.548351E-1     -2.606959E-1     -3.171062E-1     -8.546154E-1     -9.303663E-1     -4.049450E-1     -2.171794E-1     -5.193772E-1     -3.952746E-1      2.768133E-1      5.500001E-1      2.574726E-1      3.138828E-1      8.521978E-1      9.255313E-1      
 4.033333E-1      2.147620E-1      5.153481E-1      3.912455E-1     -2.824541E-1     -5.516117E-1     -2.606959E-1     -3.163004E-1     -8.554212E-1     -9.327838E-1     -4.073626E-1     -2.195971E-1     -5.193772E-1     -3.928571E-1      2.792308E-1      5.491942E-1      
 2.574726E-1      3.154945E-1      8.497802E-1      9.287547E-1      4.033333E-1      2.139561E-1      5.145422E-1      3.896338E-1     -2.832601E-1     -5.548351E-1     -2.615018E-1     -3.179121E-1     -8.538095E-1     -9.303663E-1     -4.073626E-1     -2.171794E-1      
-5.193772E-1     -3.936629E-1      2.808425E-1      5.508059E-1      2.566668E-1      3.146887E-1      8.489743E-1      9.271430E-1      4.017216E-1      2.155678E-1      5.153481E-1      3.880221E-1     -2.848718E-1     -5.540292E-1     -2.606959E-1     -3.179121E-1      
-8.538095E-1     -9.319780E-1     -4.065567E-1     -2.179853E-1     -5.193772E-1     -3.936629E-1      2.792308E-1      5.516118E-1      2.566668E-1      3.163004E-1      8.489743E-1      9.271430E-1      4.033333E-1      2.139561E-1      5.153481E-1      3.880221E-1      
-2.848718E-1     -5.540292E-1     -2.606959E-1     -3.187180E-1     -8.538095E-1     -9.303663E-1     -4.057509E-1     -2.179853E-1     -5.201831E-1     -3.936629E-1      2.784250E-1      5.483884E-1      2.550551E-1      3.130770E-1      8.497802E-1      9.263371E-1      
 4.017216E-1      2.147620E-1      5.137364E-1      3.896338E-1     -2.824541E-1     -5.540292E-1     -2.623076E-1     -3.187180E-1     -8.546154E-1     -9.295604E-1     -4.049450E-1     -2.212088E-1     -5.193772E-1     -3.920512E-1      2.800367E-1      5.508059E-1      
 2.558609E-1      3.154945E-1      8.489743E-1      9.255313E-1      4.025275E-1      2.163737E-1      5.169598E-1      3.847986E-1     -2.848718E-1     -5.556409E-1     -2.606959E-1     -3.171062E-1     -8.521978E-1     -9.271429E-1     -4.073626E-1     -2.171794E-1      
-5.201831E-1     -3.928571E-1      2.800367E-1      5.500001E-1      2.550551E-1      3.122711E-1      8.505861E-1      9.255313E-1      4.017216E-1      2.139561E-1      5.145422E-1      3.888279E-1     -2.848718E-1     -5.548351E-1     -2.606959E-1     -3.187180E-1      
-8.546154E-1     -9.287546E-1     -4.065567E-1     -2.187912E-1     -5.193772E-1     -3.912454E-1      2.808425E-1      5.491942E-1      2.566668E-1      3.138828E-1      8.513919E-1      9.271430E-1      4.017216E-1      2.139561E-1      5.153481E-1      3.872162E-1      
-2.856777E-1     -5.548351E-1     -2.615018E-1     -3.195238E-1     -8.538095E-1     -9.295604E-1     -4.065567E-1     -2.204030E-1     -5.193772E-1     -3.936629E-1      2.816484E-1      5.508059E-1      2.566668E-1      3.138828E-1      8.505861E-1      9.231135E-1      
 4.033333E-1      2.163737E-1      5.161539E-1      3.880221E-1     -2.840660E-1     -5.556409E-1     -2.598901E-1     -3.195238E-1     -8.562271E-1     -9.295604E-1     -4.065567E-1     -2.187912E-1     -5.193772E-1     -3.912454E-1      2.800367E-1      5.483884E-1      
 2.574726E-1      3.130770E-1      8.497802E-1      9.263371E-1      4.009157E-1      2.155678E-1      5.153481E-1      3.872162E-1     -2.832601E-1     -5.540292E-1     -2.598901E-1     -3.195238E-1     -8.538095E-1     -9.303663E-1     -4.041392E-1     -2.187912E-1      
-5.193772E-1     -3.920512E-1      2.808425E-1      5.500001E-1      2.566668E-1      3.130770E-1      8.497802E-1      9.239196E-1      4.017216E-1      2.155678E-1      5.161539E-1      3.888279E-1     -2.848718E-1     -5.532234E-1     -2.615018E-1     -3.195238E-1      
-8.546154E-1     -9.311721E-1     -4.041392E-1     -2.187912E-1     -5.217948E-1     -3.912454E-1      2.816484E-1      5.508059E-1      2.542492E-1      3.146887E-1      8.497802E-1      9.255313E-1      4.017216E-1      2.139561E-1      5.145422E-1      3.888279E-1      
-2.840660E-1     -5.548351E-1     -2.606959E-1     -3.203297E-1     -8.562271E-1     -9.287546E-1     -4.057509E-1     -2.204030E-1     -5.193772E-1     -3.920512E-1      2.816484E-1      5.500001E-1      2.550551E-1      3.163004E-1      8.513919E-1      9.247254E-1      
 4.033333E-1      2.139561E-1      5.185715E-1      3.880221E-1     -2.848718E-1     -5.548351E-1     -2.582784E-1     -3.195238E-1     -8.538095E-1     -9.295604E-1     -4.041392E-1     -2.187912E-1     -5.209889E-1     -3.920512E-1      2.800367E-1      5.516118E-1      
 2.574726E-1      3.114653E-1      8.497802E-1      9.255313E-1      4.017216E-1      2.147620E-1      5.161539E-1      3.888279E-1     -2.856777E-1     -5.540292E-1     -2.590842E-1     -3.195238E-1     -8.554212E-1     -9.303663E-1     -4.057509E-1     -2.195971E-1      
-5.185714E-1     -3.912454E-1      2.800367E-1      5.491942E-1      2.558609E-1      3.171062E-1      8.505861E-1      9.255313E-1      4.025275E-1      2.155678E-1      5.161539E-1      3.847986E-1     -2.864835E-1     -5.532234E-1     -2.590842E-1     -3.171062E-1      
-8.538095E-1     -9.279487E-1     -4.025275E-1     -2.179853E-1     -5.185714E-1     -3.928571E-1      2.816484E-1      5.491942E-1      2.566668E-1      3.171062E-1      8.505861E-1      9.271430E-1      4.017216E-1      2.131503E-1      5.153481E-1      3.880221E-1      
-2.856777E-1     -5.532234E-1     -2.590842E-1     -3.203297E-1     -8.586447E-1     -9.287546E-1     -4.033333E-1     -2.179853E-1     -5.185714E-1     -3.928571E-1      2.800367E-1      5.500001E-1      2.558609E-1      3.146887E-1      8.497802E-1      9.255313E-1      
 3.993040E-1      2.155678E-1      5.153481E-1      3.872162E-1     -2.856777E-1     -5.556409E-1     -2.582784E-1     -3.219414E-1     -8.554212E-1     -9.287546E-1     -4.041392E-1     -2.195971E-1     -5.209889E-1     -3.912454E-1      2.824543E-1      5.483884E-1      
 2.558609E-1      3.154945E-1      8.489743E-1      9.255313E-1      4.001099E-1      2.155678E-1      5.161539E-1      3.864104E-1     -2.856777E-1     -5.556409E-1     -2.598901E-1     -3.187180E-1     -8.546154E-1     -9.287546E-1     -4.033333E-1     -2.204030E-1      
-5.193772E-1     -3.888278E-1      2.816484E-1      5.491942E-1      2.566668E-1      3.163004E-1      8.513919E-1      9.255313E-1      4.025275E-1      2.163737E-1      5.193774E-1      3.880221E-1     -2.856777E-1     -5.524175E-1     -2.582784E-1     -3.203297E-1      
-8.562271E-1     -9.311721E-1     -4.025275E-1     -2.204030E-1     -5.193772E-1     -3.912454E-1      2.824543E-1      5.483884E-1      2.550551E-1      3.154945E-1      8.497802E-1      9.255313E-1      4.009157E-1      2.163737E-1      5.169598E-1      3.872162E-1      