8.931642E-1      8.538510E-1      8.566738E-1      8.613857E-1      8.679925E-1      8.765095E-1      8.869531E-1      8.993461E-1      
9.137172E-1      9.301009E-1      9.485425E-1      9.690933E-1      9.918151E-1      1.016786E0       1.044090E0       1.073835E0       
1.106141E0       1.141150E0       1.179024E0       1.219958E0       1.264170E0       1.311917E0       1.363499E0       1.419256E0       
1.479592E0       1.544973E0       1.615945E0       1.693149E0       1.777345E0       1.869428E0       1.970470E0       2.081758E0       
2.204858E0       2.341673E0       2.494560E0       2.666458E0       2.861090E0       3.083219E0       3.339066E0       3.636891E0       
3.987905E0       4.407726E0       4.918756E0       5.554340E0       6.366340E0       7.440087E0       8.926560E0       1.112052E1       
1.468520E1       2.148970E1       3.963350E1       2.392056E2       6.015001E1       2.688712E1       1.738266E1       1.287998E1       
1.025294E1       8.531389E0       7.315836E0       6.411666E0       5.712724E0       5.156183E0       4.702488E0       4.325490E0       
4.007214E0       3.734896E0       3.499219E0       3.293228E0       3.111620E0       2.950290E0       2.805999E0       2.676170E0       
2.558716E0       2.451935E0       2.354425E0       2.265019E0       2.182734E0       2.106745E0       2.036350E0       1.970944E0       
1.910010E0       1.853097E0       1.799814E0       1.749824E0       1.702817E0       1.658538E0       1.616750E0       1.577245E0       
1.539836E0       1.504360E0       1.470667E0       1.438622E0       1.408107E0       1.379013E0       1.351238E0       1.324693E0       
1.299299E0       1.274979E0       1.251665E0       1.229293E0       1.207810E0       1.187158E0       1.167292E0       1.148164E0       
1.129736E0       1.111966E0       1.094820E0       1.078265E0       1.062270E0       1.046808E0       1.031846E0       1.017367E0       
1.003343E0       9.897549E-1      9.765803E-1      9.638040E-1      9.513979E-1      9.393523E-1      9.276554E-1      9.162856E-1      
9.052326E-1      8.944811E-1      8.840181E-1      8.738344E-1      8.639150E-1      8.542517E-1      8.448355E-1      8.356549E-1      
8.267010E-1      8.179669E-1      8.094436E-1      8.011241E-1      7.929974E-1      7.850608E-1      7.773058E-1      7.697271E-1      
7.623173E-1      7.550712E-1      7.479843E-1      7.410505E-1      7.342652E-1      7.276233E-1      7.211182E-1      7.147486E-1      
7.085089E-1      7.023954E-1      6.964043E-1      6.905279E-1      6.847751E-1      6.791282E-1      6.735916E-1      6.681593E-1      
6.628277E-1      6.575935E-1      6.524785E-1      6.474293E-1      6.424800E-1      6.376208E-1      6.328453E-1      6.281554E-1      
6.235477E-1      6.190199E-1      6.145693E-1      6.101955E-1      6.058940E-1      6.016649E-1      5.975065E-1      5.934161E-1      
5.893921E-1      5.854338E-1      5.815387E-1      5.777038E-1      5.739323E-1      5.702179E-1      5.665632E-1      5.629643E-1      
5.594198E-1      5.559295E-1      5.524914E-1      5.491092E-1      5.457704E-1      5.424813E-1      5.392446E-1      5.360533E-1      
5.329081E-1      5.298079E-1      5.267520E-1      5.237395E-1      5.207693E-1      5.178409E-1      5.149530E-1      5.121045E-1      
5.092955E-1      5.065248E-1      5.037915E-1      5.010952E-1      4.984348E-1      4.958098E-1      4.932190E-1      4.906621E-1      
4.881396E-1      4.856496E-1      4.831909E-1      4.807644E-1      4.783681E-1      4.760059E-1      4.736679E-1      4.713614E-1      
4.690847E-1      4.668365E-1      4.646149E-1      4.624207E-1      4.602533E-1      4.581133E-1      4.559973E-1      4.539074E-1      
4.518436E-1      4.498035E-1      4.477881E-1      4.457962E-1      4.438278E-1      4.418829E-1      4.399594E-1      4.380596E-1      
4.361798E-1      4.343233E-1      4.324872E-1      4.306720E-1      4.288773E-1      4.271038E-1      4.253490E-1      4.236141E-1      
4.218986E-1      4.202027E-1      4.185245E-1      4.168651E-1      4.152240E-1      4.136009E-1      4.119958E-1      4.104085E-1      
4.088365E-1      4.072819E-1      4.057450E-1      4.042268E-1      4.027181E-1      4.012311E-1      3.997564E-1      3.983000E-1      
3.968562E-1      3.954279E-1      3.940157E-1      3.926177E-1      3.912349E-1      3.898649E-1      3.885097E-1      3.871692E-1      
5.095064E1       3.845258E-1      3.832262E-1      3.819382E-1      3.806635E-1      3.794013E-1      3.781524E-1      3.769158E-1      
3.756911E-1      3.744788E-1      3.732783E-1      3.720909E-1      3.709130E-1      3.697491E-1      3.685949E-1      3.674524E-1      
3.663214E-1      3.652009E-1      3.640920E-1      3.629978E-1      3.619057E-1      3.608289E-1      3.597609E-1      3.587048E-1      
3.576575E-1      3.566216E-1      3.555942E-1      3.545760E-1      3.535699E-1      3.525714E-1      3.515841E-1      3.506058E-1      
3.496356E-1      3.486751E-1      3.477239E-1      3.467817E-1      3.458475E-1      3.449236E-1      3.440065E-1      3.430990E-1      
3.421995E-1      3.413092E-1      3.404261E-1      3.395497E-1      3.386847E-1      3.378290E-1      3.369771E-1      3.361350E-1      
3.352999E-1      3.344733E-1      3.336537E-1      3.328425E-1      3.320377E-1      3.312400E-1      3.304515E-1      3.296689E-1      
3.288941E-1      3.281257E-1      3.273653E-1      3.266119E-1      3.258638E-1      3.251245E-1      3.243903E-1      3.236636E-1      
3.229435E-1      3.222301E-1      3.215231E-1      3.208221E-1      3.201284E-1      3.194404E-1      3.187594E-1      3.180840E-1      
3.174147E-1      3.167524E-1      3.160956E-1      3.154436E-1      3.147994E-1      3.141592E-1      3.135268E-1      3.128990E-1      
3.122783E-1      3.116627E-1      3.110521E-1      3.104469E-1      3.098472E-1      3.092544E-1      3.086671E-1      3.080839E-1      
3.075069E-1      3.069353E-1      3.063688E-1      3.058057E-1      3.052515E-1      3.047003E-1      3.041555E-1      3.036156E-1      
3.030799E-1      3.025505E-1      3.020267E-1      3.015090E-1      3.009975E-1      3.005017E-1      3.000802E-1      2.993787E-1      
2.989327E-1      2.984510E-1      2.979689E-1      2.974890E-1      2.970123E-1      2.965395E-1      2.960716E-1      2.956075E-1      
2.951478E-1      2.946908E-1      2.942405E-1      2.937937E-1      2.933518E-1      2.929122E-1      2.924793E-1      2.920487E-1      
2.916240E-1      2.912017E-1      2.907852E-1      2.903721E-1      2.899635E-1      2.895571E-1      2.891576E-1      2.887601E-1      
2.883681E-1      2.879788E-1      2.875942E-1      2.872133E-1      2.868365E-1      2.864645E-1      2.860938E-1      2.857285E-1      
2.853667E-1      2.850083E-1      2.846549E-1      2.843042E-1      2.839575E-1      2.836155E-1      2.832756E-1      2.829401E-1      
2.826085E-1      2.822804E-1      2.819556E-1      2.816344E-1      2.813168E-1      2.810050E-1      2.806926E-1      2.803858E-1      
2.800817E-1      2.797814E-1      2.794855E-1      2.791914E-1      2.789024E-1      2.786171E-1      2.783332E-1      2.780541E-1      
2.777775E-1      2.775047E-1      2.772349E-1      2.769697E-1      2.767061E-1      2.764467E-1      2.761897E-1      2.759368E-1      
2.756865E-1      2.754394E-1      2.751960E-1      2.749552E-1      2.747193E-1      2.744831E-1      2.742533E-1      2.740255E-1      
2.738010E-1      2.735804E-1      2.733619E-1      2.731429E-1      2.729319E-1      2.727247E-1      2.725180E-1      2.723153E-1      
2.721146E-1      2.719180E-1      2.717235E-1      2.715325E-1      2.713438E-1      2.711580E-1      2.709765E-1      2.707976E-1      
2.706212E-1      2.704483E-1      2.702771E-1      2.701091E-1      2.699443E-1      2.697816E-1      2.696236E-1      2.694667E-1      
2.693146E-1      2.691634E-1      2.690153E-1      2.688685E-1      2.687251E-1      2.686224E-1      2.684590E-1      2.683252E-1      
2.681945E-1      2.680661E-1      2.679400E-1      2.678178E-1      2.676988E-1      2.675820E-1      2.674680E-1      2.673569E-1      
2.672485E-1      2.671424E-1      2.670396E-1      2.669386E-1      2.668422E-1      2.667470E-1      2.666560E-1      2.665658E-1      
2.664801E-1      2.663964E-1      2.663153E-1      2.662359E-1      2.661611E-1      2.660891E-1      2.660178E-1      2.659511E-1      
2.658853E-1      2.658233E-1      2.657632E-1      2.657063E-1      2.656525E-1      2.656035E-1      2.655518E-1      2.655051E-1      
2.654618E-1      2.654206E-1      2.653827E-1      2.653449E-1      2.653141E-1      2.652842E-1      2.652557E-1      2.652314E-1      
2.652085E-1      2.651888E-1      2.651716E-1      2.651569E-1      2.651452E-1      2.651372E-1      2.651294E-1      2.651249E-1      
