 8.529083E-1     -2.651223E-1      8.533302E-1     -2.981805E-2      8.545907E-1     -5.970616E-2      8.566992E-1     -8.973175E-2      8.596633E-1     -1.199582E-1      8.634987E-1     -1.504629E-1      8.682222E-1     -1.813173E-1      8.738567E-1     -2.125978E-1      
 8.804297E-1     -2.443818E-1      8.879724E-1     -2.767540E-1      8.965234E-1     -3.098042E-1      9.061260E-1     -3.436240E-1      9.168285E-1     -3.783160E-1      9.286906E-1     -4.139890E-1      9.417757E-1     -4.507580E-1      9.561591E-1     -4.887542E-1      
 9.719244E-1     -5.281196E-1      9.891679E-1     -5.690072E-1      1.007996E0      -6.115898E-1      1.028535E0      -6.560584E-1      1.050925E0      -7.026252E-1      1.075324E0      -7.515341E-1      1.101924E0      -8.030511E-1      1.130930E0      -8.574878E-1      
 1.162587E0      -9.151956E-1      1.197179E0      -9.765768E-1      1.235033E0      -1.042099E0       1.276533E0      -1.112303E0       1.322132E0      -1.187822E0       1.372361E0      -1.269404E0       1.427855E0      -1.357932E0       1.489377E0      -1.454467E0       
 1.557850E0      -1.560290E0       1.634397E0      -1.676956E0       1.720406E0      -1.806388E0       1.817611E0      -1.950972E0       1.928195E0      -2.113740E0       2.054969E0      -2.298552E0       2.201587E0      -2.510453E0       2.372909E0      -2.756135E0       
 2.575523E0      -3.044679E0       2.818613E0      -3.388727E0       3.115347E0      -3.806413E0       3.485325E0      -4.324720E0       3.959034E0      -4.985612E0       4.586631E0      -5.858133E0       5.456856E0      -7.064432E0       6.742970E0      -8.842981E0       
 8.834810E0      -1.173036E1       1.283101E1      -1.723870E1       2.349232E1      -3.192062E1       1.407945E2      -1.933810E2      -3.516555E1       4.879967E1      -1.561735E1       2.188642E1      -1.003397E1       1.419424E1      -7.390513E0       1.054865E1       
-5.849502E0       8.420578E0      -4.840681E0       7.025126E0      -4.129243E0       6.039107E0      -3.600793E0       5.305069E0      -3.192935E0       4.737128E0      -2.868742E0       4.284454E0      -2.604963E0       3.915043E0      -2.386230E0       3.607738E0       
-2.201977E0       3.347994E0      -2.044701E0       3.125484E0      -1.908926E0       2.932667E0      -1.790566E0       2.763915E0      -1.686504E0       2.614934E0      -1.594327E0       2.482405E0      -1.512131E0       2.363702E0      -1.438403E0       2.256742E0       
-1.371916E0       2.159832E0      -1.311670E0       2.071595E0      -1.256842E0       1.990896E0      -1.206744E0       1.916789E0      -1.160803E0       1.848477E0      -1.118533E0       1.785290E0      -1.079516E0       1.726663E0      -1.043406E0       1.672102E0       
-1.009894E0       1.621188E0      -9.787154E-1      1.573558E0      -9.496444E-1      1.528891E0      -9.224803E-1      1.486914E0      -8.970414E-1      1.447378E0      -8.731778E-1      1.410074E0      -8.507535E-1      1.374809E0      -8.296431E-1      1.341415E0       
-8.097404E-1      1.309739E0      -7.909472E-1      1.279649E0      -7.731769E-1      1.251023E0      -7.563509E-1      1.223751E0      -7.403993E-1      1.197738E0      -7.252589E-1      1.172892E0      -7.108698E-1      1.149133E0      -6.971813E-1      1.126388E0       
-6.841452E-1      1.104592E0      -6.717185E-1      1.083681E0      -6.598602E-1      1.063602E0      -6.485346E-1      1.044301E0      -6.377090E-1      1.025735E0      -6.273506E-1      1.007857E0      -6.174341E-1      9.906291E-1     -6.079302E-1      9.740129E-1      
-5.988172E-1      9.579773E-1     -5.900708E-1      9.424891E-1     -5.816724E-1      9.275172E-1     -5.736032E-1      9.130362E-1     -5.658405E-1      8.990229E-1     -5.583722E-1      8.854536E-1     -5.511833E-1      8.722979E-1     -5.442573E-1      8.595457E-1      
-5.375816E-1      8.471740E-1     -5.311435E-1      8.351654E-1     -5.249313E-1      8.235024E-1     -5.189319E-1      8.121748E-1     -5.131423E-1      8.011510E-1     -5.075432E-1      7.904320E-1     -5.021324E-1      7.800049E-1     -4.968982E-1      7.698517E-1      
-4.918332E-1      7.599647E-1     -4.869303E-1      7.503302E-1     -4.821812E-1      7.409382E-1     -4.775820E-1      7.317801E-1     -4.731211E-1      7.228454E-1     -4.687982E-1      7.141249E-1     -4.646041E-1      7.056132E-1     -4.605346E-1      6.972996E-1      
-4.565845E-1      6.891772E-1     -4.527492E-1      6.812401E-1     -4.490241E-1      6.734807E-1     -4.454062E-1      6.658928E-1     -4.418864E-1      6.584688E-1     -4.384658E-1      6.512051E-1     -4.351391E-1      6.440949E-1     -4.319034E-1      6.371336E-1      
-4.287537E-1      6.303157E-1     -4.256887E-1      6.236359E-1     -4.227039E-1      6.170917E-1     -4.197969E-1      6.106770E-1     -4.169655E-1      6.043882E-1     -4.142086E-1      5.982198E-1     -4.115162E-1      5.921703E-1     -4.088936E-1      5.862350E-1      
-4.063370E-1      5.804095E-1     -4.038430E-1      5.746913E-1     -4.014096E-1      5.690775E-1     -3.990344E-1      5.635604E-1     -3.967173E-1      5.581508E-1     -3.944528E-1      5.528310E-1     -3.922443E-1      5.476038E-1     -3.900864E-1      5.424662E-1      
-3.879732E-1      5.374174E-1     -3.859014E-1      5.324560E-1     -3.839478E-1      5.275531E-1     -3.819547E-1      5.227575E-1     -3.800271E-1      5.180347E-1     -3.781441E-1      5.133882E-1     -3.763039E-1      5.088110E-1     -3.745032E-1      5.043080E-1      
-3.727436E-1      4.998740E-1     -3.710195E-1      4.955100E-1     -3.693342E-1      4.912105E-1     -3.676844E-1      4.869771E-1     -3.660679E-1      4.828063E-1     -3.644866E-1      4.786963E-1     -3.629365E-1      4.746484E-1     -3.614187E-1      4.706582E-1      
-3.599324E-1      4.667245E-1     -3.584754E-1      4.628478E-1     -3.570487E-1      4.590245E-1     -3.556483E-1      4.552537E-1     -3.542779E-1      4.515368E-1     -3.529320E-1      4.478698E-1     -3.516151E-1      4.442529E-1     -3.503225E-1      4.406846E-1      
-3.490551E-1      4.371625E-1     -3.478115E-1      4.336875E-1     -3.465912E-1      4.302571E-1     -3.453966E-1      4.268747E-1     -3.442210E-1      4.235296E-1     -3.430661E-1      4.202281E-1     -3.419356E-1      4.169710E-1     -3.408247E-1      4.137532E-1      
-3.397347E-1      4.105745E-1     -3.386641E-1      4.074348E-1     -3.376125E-1      4.043333E-1     -3.365800E-1      4.012691E-1     -3.355661E-1      3.982412E-1     -3.345706E-1      3.952488E-1     -3.335909E-1      3.922928E-1     -3.326285E-1      3.893703E-1      
-3.316842E-1      3.864810E-1     -3.307550E-1      3.836254E-1     -3.298427E-1      3.808013E-1     -3.289446E-1      3.780104E-1     -3.280640E-1      3.752484E-1     -3.271969E-1      3.725179E-1     -3.263441E-1      3.698169E-1     -3.255048E-1      3.671455E-1      
-3.246814E-1      3.645028E-1     -3.238706E-1      3.618886E-1     -3.230727E-1      3.593015E-1     -3.222880E-1      3.567421E-1     -3.215156E-1      3.542086E-1     -3.207578E-1      3.517045E-1     -3.200089E-1      3.492214E-1     -3.192746E-1      3.467640E-1      
-3.185507E-1      3.443339E-1     -3.178392E-1      3.419277E-1     -3.171384E-1      3.395441E-1     -3.164470E-1      3.371857E-1     -3.157681E-1      3.348487E-1     -3.150993E-1      3.325360E-1     -3.144405E-1      3.302435E-1     -3.137922E-1      3.279731E-1      
-3.131539E-1      3.257257E-1     -3.125250E-1      3.234985E-1     -3.119053E-1      3.212931E-1     -3.112964E-1      3.191063E-1     -3.106944E-1      3.169419E-1     -3.101023E-1      3.147968E-1     -3.095191E-1      3.126694E-1     -3.089448E-1      3.105630E-1      
-3.083779E-1      3.084736E-1     -3.078202E-1      3.064041E-1     -3.072700E-1      3.043522E-1     -3.067279E-1      3.023183E-1     -3.061938E-1      3.003018E-1     -3.056676E-1      2.983035E-1     -3.051485E-1      2.963210E-1     -3.046364E-1      2.943562E-1      
-3.041323E-1      2.924073E-1     -3.036355E-1      2.904751E-1     -3.031445E-1      2.885588E-1     -3.026598E-1      2.866592E-1     -3.021844E-1      2.847729E-1     -3.017142E-1      2.829031E-1     -3.012507E-1      2.810491E-1     -3.007943E-1      2.792095E-1      
-3.003423E-1      2.773838E-1     -2.998969E-1      2.755729E-1     -2.994588E-1      2.737761E-1     -2.990273E-1      2.719962E-1     -2.985975E-1      2.702248E-1     -2.981789E-1      2.684693E-1     -2.977613E-1      2.667271E-1     -2.973516E-1      2.649998E-1      
-2.969463E-1      2.632826E-1     -2.965466E-1      2.615786E-1     -2.961525E-1      2.598886E-1     -2.957639E-1      2.582100E-1     -2.953798E-1      2.565454E-1     -2.950005E-1      2.548908E-1     -2.946264E-1      2.532491E-1     -2.942567E-1      2.516208E-1      
-2.938930E-1     -5.094979E1      -2.935335E-1      2.483912E-1     -2.931781E-1      2.467973E-1     -2.928286E-1      2.452105E-1     -2.924813E-1      2.436378E-1     -2.921391E-1      2.420746E-1     -2.918018E-1      2.405223E-1     -2.914688E-1      2.389800E-1      
-2.911393E-1      2.374484E-1     -2.908142E-1      2.359270E-1     -2.904931E-1      2.344152E-1     -2.901765E-1      2.329147E-1     -2.898630E-1      2.314215E-1     -2.895550E-1      2.299397E-1     -2.892486E-1      2.284675E-1     -2.889463E-1      2.270050E-1      
-2.886490E-1      2.255507E-1     -2.883544E-1      2.241059E-1     -2.880637E-1      2.226708E-1     -2.877780E-1      2.212492E-1     -2.874931E-1      2.198259E-1     -2.872119E-1      2.184188E-1     -2.869352E-1      2.170165E-1     -2.866614E-1      2.156256E-1      
-2.863909E-1      2.142409E-1     -2.861238E-1      2.128664E-1     -2.858596E-1      2.114984E-1     -2.855977E-1      2.101383E-1     -2.853407E-1      2.087878E-1     -2.850854E-1      2.074438E-1     -2.848341E-1      2.061090E-1     -2.845861E-1      2.047808E-1      
-2.843393E-1      2.034606E-1     -2.840964E-1      2.021474E-1     -2.838562E-1      2.008421E-1     -2.836187E-1      1.995444E-1     -2.833836E-1      1.982531E-1     -2.831523E-1      1.969697E-1     -2.829224E-1      1.956920E-1     -2.826963E-1      1.944216E-1      
-2.824714E-1      1.931590E-1     -2.822506E-1      1.919024E-1     -2.820308E-1      1.906529E-1     -2.818118E-1      1.894098E-1     -2.815993E-1      1.881732E-1     -2.813900E-1      1.869441E-1     -2.811791E-1      1.857198E-1     -2.809724E-1      1.845027E-1      
-2.807678E-1      1.832907E-1     -2.805652E-1      1.820866E-1     -2.803659E-1      1.808859E-1     -2.801656E-1      1.796979E-1     -2.799719E-1      1.785072E-1     -2.797777E-1      1.773256E-1     -2.795877E-1      1.761504E-1     -2.793986E-1      1.749800E-1      
-2.792118E-1      1.738163E-1     -2.790270E-1      1.726569E-1     -2.788444E-1      1.715046E-1     -2.786638E-1      1.703579E-1     -2.784842E-1      1.692151E-1     -2.783080E-1      1.680793E-1     -2.781327E-1      1.669469E-1     -2.779601E-1      1.658201E-1      
-2.777889E-1      1.646992E-1     -2.776203E-1      1.635825E-1     -2.774525E-1      1.624722E-1     -2.772865E-1      1.613659E-1     -2.771235E-1      1.602648E-1     -2.769610E-1      1.591691E-1     -2.768017E-1      1.580772E-1     -2.766428E-1      1.569910E-1      
-2.764864E-1      1.559083E-1     -2.763319E-1      1.548314E-1     -2.761788E-1      1.537586E-1     -2.760273E-1      1.526878E-1     -2.758774E-1      1.516257E-1     -2.757292E-1      1.505636E-1     -2.755816E-1      1.495121E-1     -2.754361E-1      1.484612E-1      
-2.752936E-1      1.474150E-1     -2.751520E-1      1.463728E-1     -2.750115E-1      1.453345E-1     -2.748722E-1      1.443003E-1     -2.747339E-1      1.432710E-1     -2.745995E-1      1.422442E-1     -2.744652E-1      1.412240E-1     -2.743322E-1      1.402052E-1      
-2.742008E-1      1.391921E-1     -2.740709E-1      1.381826E-1     -2.739424E-1      1.371766E-1     -2.738137E-1      1.361733E-1     -2.736898E-1      1.351753E-1     -2.735648E-1      1.341812E-1     -2.734430E-1      1.331897E-1     -2.733222E-1      1.322020E-1      
-2.732017E-1      1.312183E-1     -2.730836E-1      1.302388E-1     -2.729677E-1      1.292624E-1     -2.728545E-1      1.282892E-1     -2.727434E-1      1.273207E-1     -2.726441E-1      1.263583E-1     -2.726123E-1      1.254220E-1     -2.723092E-1      1.243999E-1      
-2.722476E-1      1.234584E-1     -2.721484E-1      1.225083E-1     -2.720457E-1      1.215591E-1     -2.719418E-1      1.206123E-1     -2.718372E-1      1.196697E-1     -2.717341E-1      1.187276E-1     -2.716314E-1      1.177911E-1     -2.715300E-1      1.168556E-1      
-2.714291E-1      1.159244E-1     -2.713281E-1      1.149946E-1     -2.712300E-1      1.140690E-1     -2.711311E-1      1.131489E-1     -2.710361E-1      1.122260E-1     -2.709394E-1      1.113077E-1     -2.708458E-1      1.103934E-1     -2.707513E-1      1.094813E-1      
-2.706597E-1      1.085719E-1     -2.705674E-1      1.076649E-1     -2.704775E-1      1.067613E-1     -2.703881E-1      1.058593E-1     -2.702997E-1      1.049614E-1     -2.702111E-1      1.040637E-1     -2.701254E-1      1.031716E-1     -2.700392E-1      1.022802E-1      
-2.699555E-1      1.013912E-1     -2.698714E-1      1.005048E-1     -2.697886E-1      9.962183E-2     -2.697067E-1      9.874088E-2     -2.696264E-1      9.786132E-2     -2.695473E-1      9.698531E-2     -2.694670E-1      9.611031E-2     -2.693890E-1      9.523857E-2      
-2.693116E-1      9.436858E-2     -2.692345E-1      9.350145E-2     -2.691599E-1      9.263551E-2     -2.690851E-1      9.177187E-2     -2.690111E-1      9.091139E-2     -2.689394E-1      9.005192E-2     -2.688664E-1      8.919594E-2     -2.687955E-1      8.834076E-2      
-2.687254E-1      8.748841E-2     -2.686562E-1      8.663759E-2     -2.685874E-1      8.578944E-2     -2.685201E-1      8.494067E-2     -2.684528E-1      8.409649E-2     -2.683886E-1      8.325505E-2     -2.683211E-1      8.241439E-2     -2.682573E-1      8.157343E-2      
-2.681924E-1      8.073795E-2     -2.681290E-1      7.990289E-2     -2.680675E-1      7.906935E-2     -2.680047E-1      7.823879E-2     -2.679451E-1      7.740769E-2     -2.678860E-1      7.658029E-2     -2.678261E-1      7.575315E-2     -2.677683E-1      7.492822E-2      
-2.677102E-1      7.410520E-2     -2.676535E-1      7.328349E-2     -2.675970E-1      7.246399E-2     -2.675422E-1      7.164770E-2     -2.674873E-1      7.082933E-2     -2.674333E-1      7.001567E-2     -2.673797E-1      6.920111E-2     -2.673275E-1      6.838989E-2      
-2.672754E-1      6.757873E-2     -2.672239E-1      6.676984E-2     -2.671738E-1      6.596226E-2     -2.671236E-1      6.515604E-2     -2.670759E-1      6.435174E-2     -2.670252E-1      6.354910E-2     -2.669789E-1      6.274670E-2     -2.669319E-1      6.194621E-2      
-2.668858E-1      6.114727E-2     -2.668411E-1      6.034994E-2     -2.667960E-1      5.955333E-2     -2.667482E-1      5.875731E-2     -2.667059E-1      5.796373E-2     -2.666647E-1      5.717212E-2     -2.666222E-1      5.637991E-2     -2.665809E-1      5.559003E-2      
-2.665394E-1      5.480075E-2     -2.664997E-1      5.401230E-2     -2.664594E-1      5.322659E-2     -2.664206E-1      5.244005E-2     -2.663814E-1      5.165648E-2     -2.663431E-1      5.087256E-2     -2.663066E-1      5.009043E-2     -2.662704E-1      4.930937E-2      
-2.662345E-1      4.852855E-2     -2.661996E-1      4.775000E-2     -2.661641E-1      4.697216E-2     -2.661296E-1      4.619503E-2     -2.660959E-1      4.541945E-2     -2.660620E-1      4.464436E-2     -2.660307E-1      4.386973E-2     -2.659981E-1      4.309630E-2      
-2.659681E-1      4.232454E-2     -2.659364E-1      4.155445E-2     -2.659059E-1      4.078388E-2     -2.658739E-1      4.001713E-2     -2.658424E-1      3.925514E-2     -2.658615E-1      3.841400E-2     -2.657986E-1      3.770065E-2     -2.657709E-1      3.693581E-2      
-2.657442E-1      3.617048E-2     -2.657175E-1      3.540659E-2     -2.656910E-1      3.464222E-2     -2.656662E-1      3.387928E-2     -2.656425E-1      3.311610E-2     -2.656189E-1      3.235292E-2     -2.655956E-1      3.159320E-2     -2.655733E-1      3.083110E-2      
-2.655512E-1      3.007174E-2     -2.655294E-1      2.931178E-2     -2.655087E-1      2.855301E-2     -2.654876E-1      2.779555E-2     -2.654691E-1      2.703619E-2     -2.654493E-1      2.627981E-2     -2.654318E-1      2.552277E-2     -2.654128E-1      2.476662E-2      
-2.653961E-1      2.401072E-2     -2.653795E-1      2.325481E-2     -2.653631E-1      2.250051E-2     -2.653463E-1      2.174705E-2     -2.653320E-1      2.099180E-2     -2.653183E-1      2.023923E-2     -2.653032E-1      1.948577E-2     -2.652906E-1      1.873270E-2      
-2.652767E-1      1.798072E-2     -2.652644E-1      1.722884E-2     -2.652520E-1      1.647705E-2     -2.652406E-1      1.572490E-2     -2.652301E-1      1.497534E-2     -2.652223E-1      1.422381E-2     -2.652097E-1      1.347390E-2     -2.652001E-1      1.272273E-2      
-2.651916E-1      1.197422E-2     -2.651832E-1      1.122458E-2     -2.651758E-1      1.047559E-2     -2.651668E-1      9.723291E-3     -2.651621E-1      8.978426E-3     -2.651566E-1      8.227423E-3     -2.651503E-1      7.479787E-3     -2.651460E-1      6.731167E-3      
-2.651410E-1      5.983159E-3     -2.651371E-1      5.234353E-3     -2.651336E-1      4.487120E-3     -2.651305E-1      3.738910E-3     -2.651283E-1      2.991468E-3     -2.651277E-1      2.242141E-3     -2.651252E-1      1.495715E-3     -2.651239E-1      7.473300E-4      
