4.556939E0       2.907182E0       2.962257E0       2.930519E0       2.954147E0       2.957841E0       2.878726E0       2.970662E0       2.992500E0       2.937229E0       2.925011E0       2.982955E0       2.973098E0       2.967151E0       2.971868E0       2.972463E0       
2.944923E0       2.949394E0       2.955673E0       2.868404E0       2.929420E0       2.868148E0       2.848778E0       2.795262E0       2.739278E0       2.686815E0       2.629714E0       2.499052E0       2.457501E0       2.314996E0       2.210490E0       2.101998E0       
1.978891E0       1.787679E0       1.687563E0       1.467005E0       1.239511E0       1.055068E0       9.632480E-1      1.047098E0       1.280127E0       1.730179E0       2.332084E0       3.138252E0       4.240536E0       5.692260E0       7.711394E0       1.068935E1       
1.552628E1       2.468616E1       4.908837E1       3.157121E2       8.465386E1       3.991221E1       2.709645E1       2.091400E1       1.732723E1       1.495689E1       1.323936E1       1.190946E1       1.087809E1       1.004822E1       9.291916E0       8.678189E0       
8.151661E0       7.684113E0       7.239074E0       6.874350E0       6.483008E0       6.153235E0       5.827544E0       5.504768E0       5.210618E0       4.945907E0       4.735229E0       4.474750E0       4.266667E0       4.000762E0       3.803293E0       3.526595E0       
3.387222E0       3.104057E0       2.957194E0       2.779854E0       2.552546E0       2.363097E0       2.193002E0       2.028243E0       1.818547E0       1.702088E0       1.537814E0       1.420264E0       1.283175E0       1.139888E0       1.015062E0       9.015476E-1      
7.718818E-1      7.172310E-1      6.454332E-1      6.106651E-1      5.855130E-1      5.603485E-1      5.198835E-1      6.321539E-1      6.520383E-1      6.540061E-1      7.314340E-1      7.623665E-1      8.145153E-1      8.884437E-1      8.991982E-1      9.434993E-1      
9.622170E-1      9.912300E-1      1.037031E0       1.054306E0       1.084135E0       1.094051E0       1.084308E0       1.052657E0       1.133292E0       1.139932E0       1.118503E0       1.121515E0       1.107407E0       1.091736E0       1.084706E0       1.077376E0       
1.051330E0       1.008517E0       9.922519E-1      9.413722E-1      9.118094E-1      9.163574E-1      8.841838E-1      8.287136E-1      8.121767E-1      7.368675E-1      7.114838E-1      6.861733E-1      6.414281E-1      5.999398E-1      5.690473E-1      5.377327E-1      
4.875655E-1      4.633231E-1      4.346047E-1      3.995104E-1      3.688762E-1      3.420692E-1      3.213190E-1      2.902531E-1      2.639755E-1      2.485843E-1      2.327490E-1      2.188689E-1      2.131578E-1      2.075467E-1      2.063736E-1      2.027106E-1      
2.027270E-1      2.072269E-1      2.118030E-1      2.166796E-1      2.233706E-1      2.257323E-1      2.313185E-1      2.365768E-1      2.397042E-1      2.423753E-1      2.446825E-1      2.468549E-1      2.479426E-1      2.487618E-1      2.481099E-1      2.476338E-1      
2.473093E-1      2.459257E-1      2.437859E-1      2.424397E-1      2.403692E-1      2.379102E-1      2.356992E-1      2.331256E-1      2.304195E-1      2.277944E-1      2.251521E-1      2.225656E-1      2.199864E-1      2.175785E-1      2.152735E-1      2.130599E-1      
2.111248E-1      2.090399E-1      2.070252E-1      2.053332E-1      2.039828E-1      2.020804E-1      2.007508E-1      1.993269E-1      1.979275E-1      1.965373E-1      1.953241E-1      1.941078E-1      1.927786E-1      1.915744E-1      1.903187E-1      1.892259E-1      
1.879176E-1      1.866572E-1      1.854472E-1      1.841637E-1      1.829358E-1      1.816128E-1      1.803868E-1      1.791344E-1      1.778515E-1      1.765702E-1      1.753273E-1      1.740794E-1      1.728249E-1      1.715924E-1      1.703571E-1      1.691465E-1      
1.679299E-1      1.667398E-1      1.655600E-1      1.643936E-1      1.632500E-1      1.621243E-1      1.610149E-1      1.599309E-1      1.588622E-1      1.578180E-1      1.567913E-1      1.558006E-1      1.548229E-1      1.538773E-1      1.529776E-1      1.520746E-1      
1.511932E-1      1.503793E-1      1.495880E-1      1.487675E-1      1.480010E-1      1.472685E-1      1.465144E-1      1.458652E-1      1.451566E-1      1.444742E-1      1.438509E-1      1.432219E-1      1.426004E-1      1.419495E-1      1.413786E-1      1.407569E-1      
1.821004E-1      1.394446E-1      1.388557E-1      1.382432E-1      1.376367E-1      1.370027E-1      1.363675E-1      1.357355E-1      1.350966E-1      1.344449E-1      1.338016E-1      1.331476E-1      1.324897E-1      1.318293E-1      1.311701E-1      1.305116E-1      
1.298581E-1      1.292088E-1      1.285522E-1      1.279166E-1      1.272810E-1      1.266571E-1      1.260248E-1      1.254181E-1      1.248123E-1      1.242143E-1      1.236324E-1      1.230836E-1      1.224965E-1      1.219686E-1      1.214324E-1      1.209228E-1      
1.203957E-1      1.198973E-1      1.194094E-1      1.189264E-1      1.184675E-1      1.179799E-1      1.175247E-1      1.170749E-1      1.166434E-1      1.161985E-1      1.157683E-1      1.153426E-1      1.149258E-1      1.145095E-1      1.140995E-1      1.136940E-1      
1.132904E-1      1.128887E-1      1.124890E-1      1.120971E-1      1.116896E-1      1.112952E-1      1.108958E-1      1.105073E-1      1.101208E-1      1.097257E-1      1.093466E-1      1.089452E-1      1.085849E-1      1.081851E-1      1.078068E-1      1.074430E-1      
1.070864E-1      1.067328E-1      1.063772E-1      1.060152E-1      1.056657E-1      1.053466E-1      1.050044E-1      1.046808E-1      1.043700E-1      1.040564E-1      1.037368E-1      1.034444E-1      1.031462E-1      1.028494E-1      1.025610E-1      1.022757E-1      
1.019945E-1      1.017161E-1      1.014291E-1      1.011664E-1      1.008766E-1      1.006128E-1      1.003415E-1      1.000561E-1      9.980381E-2      9.952428E-2      9.923258E-2      9.899384E-2      9.871310E-2      9.842432E-2      9.816106E-2      9.790188E-2      
9.765541E-2      9.738243E-2      9.713907E-2      9.688512E-2      9.662788E-2      9.637673E-2      9.614858E-2      9.593174E-2      9.568305E-2      9.546301E-2      9.524951E-2      9.502574E-2      9.481477E-2      9.460648E-2      9.440301E-2      9.419785E-2      
9.399897E-2      9.380634E-2      9.360413E-2      9.341321E-2      9.321433E-2      9.302352E-2      9.284276E-2      9.264296E-2      9.245595E-2      9.225834E-2      9.205624E-2      9.187333E-2      9.168755E-2      9.148685E-2      9.130146E-2      9.110876E-2      
9.091035E-2      9.074401E-2      9.057865E-2      9.038495E-2      9.020694E-2      9.003491E-2      8.986615E-2      8.969934E-2      8.953415E-2      8.938189E-2      8.922593E-2      8.906902E-2      8.892208E-2      8.877691E-2      8.863438E-2      8.849477E-2      
8.835462E-2      8.822270E-2      8.808107E-2      8.794880E-2      8.781277E-2      8.768734E-2      8.754648E-2      8.741082E-2      8.727945E-2      8.713858E-2      8.702294E-2      8.687456E-2      8.674625E-2      8.660757E-2      8.648759E-2      8.634403E-2      
8.623324E-2      8.609156E-2      8.597478E-2      8.586016E-2      8.573306E-2      8.561266E-2      8.549634E-2      8.538350E-2      8.527937E-2      8.517361E-2      8.506764E-2      8.496848E-2      8.487032E-2      8.476993E-2      8.467901E-2      8.458629E-2      
8.449467E-2      8.440523E-2      8.431191E-2      8.422660E-2      8.413875E-2      8.404846E-2      8.396345E-2      8.387958E-2      8.378675E-2      8.369967E-2      8.361625E-2      8.353442E-2      8.344991E-2      8.336210E-2      8.328235E-2      8.319498E-2      
8.311696E-2      8.304260E-2      8.296300E-2      8.287587E-2      8.281039E-2      8.273753E-2      8.266944E-2      8.259907E-2      8.253708E-2      8.247527E-2      8.241063E-2      8.235236E-2      8.229513E-2      8.224610E-2      8.218712E-2      8.213332E-2      
8.208003E-2      8.202589E-2      8.197887E-2      8.193228E-2      8.188283E-2      8.182997E-2      8.178206E-2      8.173674E-2      8.168702E-2      8.164237E-2      8.159339E-2      8.154767E-2      8.150628E-2      8.146244E-2      8.142371E-2      8.138011E-2      
8.133920E-2      8.130316E-2      8.126571E-2      8.123034E-2      8.119931E-2      8.116911E-2      8.113804E-2      8.111065E-2      8.108374E-2      8.105819E-2      8.103452E-2      8.101096E-2      8.099016E-2      8.097357E-2      8.095289E-2      8.093356E-2      
8.091760E-2      8.089928E-2      8.088453E-2      8.087057E-2      8.085591E-2      8.084358E-2      8.082965E-2      8.081742E-2      8.080931E-2      8.079790E-2      8.078989E-2      8.078364E-2      8.077490E-2      8.077089E-2      8.076712E-2      8.076652E-2      
