 0.000000E0      -1.604596E-4     -6.481313E-4     -1.378483E-3     -2.010542E-3     -1.886690E-3     -2.755571E-4      2.825689E-3      
 5.943554E-3      6.399921E-3      1.835223E-3     -7.642883E-3     -1.764746E-2     -1.918554E-2     -8.618664E-4      4.654482E-2      
 1.251228E-1      2.271070E-1      3.357857E-1      4.296524E-1      4.882741E-1      4.977522E-1      4.536997E-1      3.609148E-1      
 2.307946E-1      7.830244E-2     -8.046469E-2     -2.299794E-1     -3.563497E-1     -4.479479E-1     -4.960774E-1     -4.959169E-1      
-4.472998E-1     -3.549712E-1     -2.279689E-1     -7.857800E-2      7.857800E-2      2.279689E-1      3.549712E-1      4.472998E-1      
 4.959170E-1      4.959169E-1      4.472998E-1      3.549712E-1      2.279689E-1      7.857800E-2     -7.857800E-2     -2.279689E-1      
-3.549712E-1     -4.472998E-1     -4.959170E-1     -4.959169E-1     -4.472998E-1     -3.549712E-1     -2.279689E-1     -7.857800E-2      
 7.857800E-2      2.279689E-1      3.549712E-1      4.472998E-1      4.959170E-1      4.959169E-1      4.472998E-1      3.549712E-1      
 2.279689E-1      7.857800E-2     -7.857800E-2     -2.279689E-1     -3.549712E-1     -4.472998E-1     -4.959170E-1     -4.959169E-1      
-4.472998E-1     -3.549712E-1     -2.279689E-1     -7.857800E-2      7.857800E-2      2.279689E-1      3.549712E-1      4.472998E-1      
 4.959170E-1      4.959169E-1      4.472998E-1      3.549712E-1      2.279689E-1      7.857800E-2     -7.857800E-2     -2.279689E-1      
-3.549712E-1     -4.472998E-1     -4.959170E-1     -4.959169E-1     -4.472998E-1     -3.549712E-1     -2.279689E-1     -7.857800E-2      
 7.857800E-2      2.279689E-1      3.549712E-1      4.472998E-1      4.959170E-1      4.959169E-1      4.472998E-1      3.549712E-1      
 2.279689E-1      7.857800E-2     -7.857800E-2     -2.279689E-1     -3.549712E-1     -4.472998E-1     -4.959170E-1     -4.959169E-1      
-4.472998E-1     -3.549712E-1     -2.279689E-1     -7.857800E-2      7.857800E-2      2.279689E-1      3.549712E-1      4.472998E-1      
 4.959170E-1      4.959169E-1      4.472998E-1      3.549712E-1      2.279689E-1      7.857800E-2     -7.857800E-2     -2.279689E-1      
-3.549712E-1     -4.472998E-1     -4.959170E-1     -4.959169E-1     -4.472998E-1     -3.549712E-1     -2.279689E-1     -7.857800E-2      
 7.857800E-2      2.279689E-1      3.549712E-1      4.472998E-1      4.959170E-1      4.959169E-1      4.472998E-1      3.549712E-1      
 2.279689E-1      7.857800E-2     -7.857800E-2     -2.279689E-1     -3.549712E-1     -4.472998E-1     -4.959170E-1     -4.959169E-1      
-4.472998E-1     -3.549712E-1     -2.279689E-1     -7.857800E-2      7.857800E-2      2.279689E-1      3.549712E-1      4.472998E-1      
 4.959170E-1      4.959169E-1      4.472998E-1      3.549712E-1      2.279689E-1      7.857800E-2     -7.857800E-2     -2.279689E-1      
-3.549712E-1     -4.472998E-1     -4.959170E-1     -4.959169E-1     -4.472998E-1     -3.549712E-1     -2.279689E-1     -7.857800E-2      
 7.857800E-2      2.279689E-1      3.549712E-1      4.472998E-1      4.959170E-1      4.959169E-1      4.472998E-1      3.549712E-1      
 2.279689E-1      7.857800E-2     -7.857800E-2     -2.279689E-1     -3.549712E-1     -4.472998E-1     -4.959170E-1     -4.959169E-1      
-4.472998E-1     -3.549712E-1     -2.279689E-1     -7.857800E-2      7.857800E-2      2.279689E-1      3.549712E-1      4.472998E-1      
 4.959170E-1      4.959169E-1      4.472998E-1      3.549712E-1      2.279689E-1      7.857800E-2     -7.857800E-2     -2.279689E-1      
-3.549712E-1     -4.472998E-1     -4.959170E-1     -4.959169E-1     -4.472998E-1     -3.549712E-1     -2.279689E-1     -7.857800E-2      
 7.857800E-2      2.279689E-1      3.549712E-1      4.472998E-1      4.959170E-1      4.959169E-1      4.472998E-1      3.549712E-1      
 2.279689E-1      7.857800E-2     -7.857800E-2     -2.279689E-1     -3.549712E-1     -4.472998E-1     -4.959170E-1     -4.959169E-1      
-4.472998E-1     -3.549712E-1     -2.279689E-1     -7.857800E-2      7.857800E-2      2.279689E-1      3.549712E-1      4.472998E-1      
 4.959170E-1      4.959169E-1      4.472998E-1      3.549712E-1      2.279689E-1      7.857800E-2     -7.857800E-2     -2.279689E-1      
-3.549712E-1     -4.472998E-1     -4.959170E-1     -4.959169E-1     -4.472998E-1     -3.549712E-1     -2.279689E-1     -7.857800E-2      
 7.857800E-2      2.279689E-1      3.549712E-1      4.472998E-1      4.959170E-1      4.959169E-1      4.472998E-1      3.549712E-1      
 2.279689E-1      7.857800E-2     -7.857800E-2     -2.279689E-1     -3.549712E-1     -4.472998E-1     -4.959170E-1     -4.959169E-1      
-4.472998E-1     -3.549712E-1     -2.279689E-1     -7.857800E-2      7.857800E-2      2.279689E-1      3.549712E-1      4.472998E-1      
 4.959170E-1      4.959169E-1      4.472998E-1      3.549712E-1      2.279689E-1      7.857800E-2     -7.857800E-2     -2.279689E-1      
-3.549712E-1     -4.472998E-1     -4.959170E-1     -4.959169E-1     -4.472998E-1     -3.549712E-1     -2.279689E-1     -7.857800E-2      
 7.857800E-2      2.279689E-1      3.549712E-1      4.472998E-1      4.959170E-1      4.959169E-1      4.472998E-1      3.549712E-1      
 2.279689E-1      7.857800E-2     -7.857800E-2     -2.279689E-1     -3.549712E-1     -4.472998E-1     -4.959170E-1     -4.959169E-1      
-4.472998E-1     -3.549712E-1     -2.279689E-1     -7.857800E-2      7.857800E-2      2.279689E-1      3.549712E-1      4.472998E-1      
 4.959170E-1      4.959169E-1      4.472998E-1      3.549712E-1      2.279689E-1      7.857800E-2     -7.857800E-2     -2.279689E-1      
-3.549712E-1     -4.472998E-1     -4.959170E-1     -4.959169E-1     -4.472998E-1     -3.549712E-1     -2.279689E-1     -7.857800E-2      
 7.857800E-2      2.279689E-1      3.549712E-1      4.472998E-1      4.959170E-1      4.959169E-1      4.472998E-1      3.549712E-1      
 2.279689E-1      7.857800E-2     -7.857800E-2     -2.279689E-1     -3.549712E-1     -4.472998E-1     -4.959170E-1     -4.959169E-1      
-4.472998E-1     -3.549712E-1     -2.279689E-1     -7.857800E-2      7.857800E-2      2.279689E-1      3.549712E-1      4.472998E-1      
 4.959170E-1      4.959169E-1      4.472998E-1      3.549712E-1      2.279689E-1      7.857800E-2     -7.857800E-2     -2.279689E-1      
-3.549712E-1     -4.472998E-1     -4.959170E-1     -4.959169E-1     -4.472998E-1     -3.549712E-1     -2.279689E-1     -7.857800E-2      
 7.857800E-2      2.279689E-1      3.549712E-1      4.472998E-1      4.959170E-1      4.959169E-1      4.472998E-1      3.549712E-1      
 2.279689E-1      7.857800E-2     -7.857800E-2     -2.279689E-1     -3.549712E-1     -4.472998E-1     -4.959170E-1     -4.959169E-1      
-4.472998E-1     -3.549712E-1     -2.279689E-1     -7.857800E-2      7.857800E-2      2.279689E-1      3.549712E-1      4.472998E-1      
 4.959170E-1      4.959169E-1      4.472998E-1      3.549712E-1      2.279689E-1      7.857800E-2     -7.857800E-2     -2.279689E-1      
-3.549712E-1     -4.472998E-1     -4.959170E-1     -4.959169E-1     -4.472998E-1     -3.549712E-1     -2.279689E-1     -7.857800E-2      
 7.857800E-2      2.279689E-1      3.549712E-1      4.472998E-1      4.959170E-1      4.959169E-1      4.472998E-1      3.549712E-1      
 2.279689E-1      7.857800E-2     -7.857800E-2     -2.279689E-1     -3.549712E-1     -4.472998E-1     -4.959170E-1     -4.959169E-1      
-4.472998E-1     -3.549712E-1     -2.279689E-1     -7.857800E-2      7.857800E-2      2.279689E-1      3.549712E-1      4.472998E-1      
 4.959170E-1      4.959169E-1      4.472998E-1      3.549712E-1      2.279689E-1      7.857800E-2     -7.857800E-2     -2.279689E-1      
-3.549712E-1     -4.472998E-1     -4.959170E-1     -4.959169E-1     -4.472998E-1     -3.549712E-1     -2.279689E-1     -7.857800E-2      
 7.857800E-2      2.279689E-1      3.549712E-1      4.472998E-1      4.959170E-1      4.959169E-1      4.472998E-1      3.549712E-1      
 2.279689E-1      7.857800E-2     -7.857800E-2     -2.279689E-1     -3.549712E-1     -4.472998E-1     -4.959170E-1     -4.959169E-1      
-4.472998E-1     -3.549712E-1     -2.279689E-1     -7.857800E-2      7.857800E-2      2.279689E-1      3.549712E-1      4.472998E-1      
 4.959170E-1      4.959169E-1      4.472998E-1      3.549712E-1      2.279689E-1      7.857800E-2     -7.857800E-2     -2.279689E-1      
-3.549712E-1     -4.472998E-1     -4.959170E-1     -4.959169E-1     -4.472998E-1     -3.549712E-1     -2.279689E-1     -7.857800E-2      
 7.857800E-2      2.279689E-1      3.549712E-1      4.472998E-1      4.959170E-1      4.959169E-1      4.472998E-1      3.549712E-1      
 2.279689E-1      7.857800E-2     -7.857800E-2     -2.279689E-1     -3.549712E-1     -4.472998E-1     -4.959170E-1     -4.959169E-1      
-4.472998E-1     -3.549712E-1     -2.279689E-1     -7.857800E-2      7.857800E-2      2.279689E-1      3.549712E-1      4.472998E-1      
 4.959170E-1      4.959169E-1      4.472998E-1      3.549712E-1      2.279689E-1      7.857800E-2     -7.857800E-2     -2.279689E-1      
-3.549712E-1     -4.472998E-1     -4.959170E-1     -4.959169E-1     -4.472998E-1     -3.549712E-1     -2.279689E-1     -7.857800E-2      
 7.857800E-2      2.279689E-1      3.549712E-1      4.472998E-1      4.959170E-1      4.959169E-1      4.472998E-1      3.549712E-1      
 2.279689E-1      7.857800E-2     -7.857800E-2     -2.279689E-1     -3.549712E-1     -4.472998E-1     -4.959170E-1     -4.959169E-1      
-4.472998E-1     -3.549712E-1     -2.279689E-1     -7.857800E-2      7.857800E-2      2.279689E-1      3.549712E-1      4.472998E-1      
 4.959170E-1      4.959169E-1      4.472998E-1      3.549712E-1      2.279689E-1      7.857800E-2     -7.857800E-2     -2.279689E-1      
-3.549712E-1     -4.472998E-1     -4.959170E-1     -4.959169E-1     -4.472998E-1     -3.549712E-1     -2.279689E-1     -7.857800E-2      
 7.857800E-2      2.279689E-1      3.549712E-1      4.472998E-1      4.959170E-1      4.959169E-1      4.472998E-1      3.549712E-1      
 2.279689E-1      7.857800E-2     -7.857800E-2     -2.279689E-1     -3.549712E-1     -4.472998E-1     -4.959170E-1     -4.959169E-1      
-4.472998E-1     -3.549712E-1     -2.279689E-1     -7.857800E-2      7.857800E-2      2.279689E-1      3.549712E-1      4.472998E-1      
 4.959170E-1      4.959169E-1      4.472998E-1      3.549712E-1      2.279689E-1      7.857800E-2     -7.857800E-2     -2.279689E-1      
-3.549712E-1     -4.472998E-1     -4.959170E-1     -4.959169E-1     -4.472998E-1     -3.549712E-1     -2.279689E-1     -7.857800E-2      
 7.857800E-2      2.279689E-1      3.549712E-1      4.472998E-1      4.959170E-1      4.959169E-1      4.472998E-1      3.549712E-1      
 2.279689E-1      7.857800E-2     -7.857800E-2     -2.279689E-1     -3.549712E-1     -4.472998E-1     -4.959170E-1     -4.959169E-1      
-4.472998E-1     -3.549712E-1     -2.279689E-1     -7.857800E-2      7.857800E-2      2.279689E-1      3.549712E-1      4.472998E-1      
 4.959170E-1      4.959169E-1      4.472998E-1      3.549712E-1      2.279689E-1      7.857800E-2     -7.857800E-2     -2.279689E-1      
-3.549712E-1     -4.472998E-1     -4.959170E-1     -4.959169E-1     -4.472998E-1     -3.549712E-1     -2.279689E-1     -7.857800E-2      
 7.857800E-2      2.279689E-1      3.549712E-1      4.472998E-1      4.959170E-1      4.959169E-1      4.472998E-1      3.549712E-1      
 2.279689E-1      7.857800E-2     -7.857800E-2     -2.279689E-1     -3.549712E-1     -4.472998E-1     -4.959170E-1     -4.959169E-1      
-4.472998E-1     -3.549712E-1     -2.279689E-1     -7.857800E-2      7.857800E-2      2.279689E-1      3.549712E-1      4.472998E-1      
 4.959170E-1      4.959169E-1      4.472998E-1      3.549712E-1      2.279689E-1      7.857800E-2     -7.857800E-2     -2.279689E-1      
-3.549712E-1     -4.472998E-1     -4.959170E-1     -4.959169E-1     -4.472998E-1     -3.549712E-1     -2.279689E-1     -7.857800E-2      
 7.857800E-2      2.279689E-1      3.549712E-1      4.472998E-1      4.959170E-1      4.959169E-1      4.472998E-1      3.549712E-1      
 2.279689E-1      7.857800E-2     -7.857800E-2     -2.279689E-1     -3.549712E-1     -4.472998E-1     -4.959170E-1     -4.959169E-1      
-4.472998E-1     -3.549712E-1     -2.279689E-1     -7.857800E-2      7.857800E-2      2.279689E-1      3.549712E-1      4.472998E-1      
 4.959170E-1      4.959169E-1      4.472998E-1      3.549712E-1      2.279689E-1      7.857800E-2     -7.857800E-2     -2.279689E-1      
-3.549712E-1     -4.472998E-1     -4.959170E-1     -4.959169E-1     -4.472998E-1     -3.549712E-1     -2.279689E-1     -7.857800E-2      
 7.857800E-2      2.279689E-1      3.549712E-1      4.472998E-1      4.959170E-1      4.959169E-1      4.472998E-1      3.549712E-1      
 2.279689E-1      7.857800E-2     -7.857800E-2     -2.279689E-1     -3.549712E-1     -4.472998E-1     -4.959170E-1     -4.959169E-1      
-4.472998E-1     -3.549712E-1     -2.279689E-1     -7.857800E-2      7.857800E-2      2.279689E-1      3.549712E-1      4.472998E-1      
 4.959170E-1      4.959169E-1      4.472998E-1      3.549712E-1      2.279689E-1      7.857800E-2     -7.857800E-2     -2.279689E-1      
-3.549712E-1     -4.472998E-1     -4.959170E-1     -4.959169E-1     -4.472998E-1     -3.549712E-1     -2.279689E-1     -7.857800E-2      
 7.857800E-2      2.279689E-1      3.549712E-1      4.472998E-1      4.959170E-1      4.959169E-1      4.472998E-1      3.549712E-1      
 2.279689E-1      7.857800E-2     -7.857800E-2     -2.279689E-1     -3.549712E-1     -4.472998E-1     -4.959170E-1     -4.959169E-1      
-4.472998E-1     -3.549712E-1     -2.279689E-1     -7.857800E-2      7.857800E-2      2.279689E-1      3.549712E-1      4.472998E-1      
 4.959170E-1      4.959169E-1      4.472998E-1      3.549712E-1      2.279689E-1      7.857800E-2     -7.857800E-2     -2.279689E-1      
-3.549712E-1     -4.472998E-1     -4.959170E-1     -4.959169E-1     -4.472998E-1     -3.549712E-1     -2.279689E-1     -7.857800E-2      
 7.857800E-2      2.279689E-1      3.549712E-1      4.472998E-1      4.959170E-1      4.959169E-1      4.472998E-1      3.549712E-1      
 2.279689E-1      7.857800E-2     -7.857800E-2     -2.279689E-1     -3.549712E-1     -4.472998E-1     -4.959170E-1     -4.959169E-1      
-4.472998E-1     -3.549712E-1     -2.279689E-1     -7.857800E-2      7.857800E-2      2.279689E-1      3.549712E-1      4.472998E-1      
 4.959170E-1      4.959169E-1      4.472998E-1      3.549712E-1      2.279689E-1      7.857800E-2     -7.857800E-2     -2.279689E-1      
-3.549712E-1     -4.472998E-1     -4.959170E-1     -4.959169E-1     -4.472998E-1     -3.549712E-1     -2.279689E-1     -7.857800E-2      
 7.857800E-2      2.279689E-1      3.549712E-1      4.472998E-1      4.959170E-1      4.959169E-1      4.472998E-1      3.549712E-1      
 2.279689E-1      7.857800E-2     -7.857800E-2     -2.279689E-1     -3.549712E-1     -4.472998E-1     -4.959170E-1     -4.959169E-1      
-4.472998E-1     -3.549712E-1     -2.279689E-1     -7.857800E-2      7.857800E-2      2.279689E-1      3.549712E-1      4.472998E-1      
 4.959170E-1      4.959169E-1      4.472998E-1      3.549712E-1      2.279689E-1      7.857800E-2     -7.857800E-2     -2.279689E-1      
-3.549712E-1     -4.472998E-1     -4.959170E-1     -4.959169E-1     -4.472998E-1     -3.549712E-1     -2.279689E-1     -7.857800E-2      
 7.857800E-2      2.279689E-1      3.549712E-1      4.472998E-1      4.959170E-1      4.959169E-1      4.472998E-1      3.549712E-1      
 2.279689E-1      7.857800E-2     -7.857800E-2     -2.279689E-1     -3.549712E-1     -4.472998E-1     -4.959170E-1     -4.959169E-1      
-4.472998E-1     -3.549712E-1     -2.279689E-1     -7.857800E-2      7.857800E-2      2.279689E-1      3.549712E-1      4.472998E-1      
 4.959170E-1      4.959169E-1      4.472998E-1      3.549712E-1      2.279689E-1      7.857800E-2     -7.857800E-2     -2.279689E-1      
-3.549712E-1     -4.472998E-1     -4.959170E-1     -4.959169E-1     -4.472998E-1     -3.549712E-1     -2.279689E-1     -7.857800E-2      
 7.857800E-2      2.279689E-1      3.549712E-1      4.472998E-1      4.959170E-1      4.959169E-1      4.472998E-1      3.549712E-1      
 2.279689E-1      7.857800E-2     -7.857800E-2     -2.279689E-1     -3.549712E-1     -4.472998E-1     -4.959170E-1     -4.959169E-1      
-4.472998E-1     -3.549712E-1     -2.279689E-1     -7.857800E-2      7.857800E-2      2.279689E-1      3.549712E-1      4.472998E-1      
 4.959170E-1      4.959169E-1      4.472998E-1      3.549712E-1      2.279689E-1      7.857800E-2     -7.857800E-2     -2.279689E-1      
-3.549712E-1     -4.472998E-1     -4.959170E-1     -4.959169E-1     -4.472998E-1     -3.549712E-1     -2.279689E-1     -7.857800E-2      
 7.857800E-2      2.279689E-1      3.549712E-1      4.472998E-1      4.959170E-1      4.959169E-1      4.472998E-1      3.549712E-1      
 2.279689E-1      7.857800E-2     -7.857800E-2     -2.279689E-1     -3.549712E-1     -4.472998E-1     -4.959170E-1     -4.959169E-1      
-4.472998E-1     -3.549712E-1     -2.279689E-1     -7.857800E-2      7.857800E-2      2.279689E-1      3.549712E-1      4.472998E-1      
 4.959170E-1      4.959169E-1      4.472998E-1      3.549712E-1      2.279689E-1      7.857800E-2     -7.857800E-2     -2.279689E-1      
-3.549712E-1     -4.472998E-1     -4.959170E-1     -4.959169E-1     -4.472998E-1     -3.549712E-1     -2.279689E-1     -7.857800E-2      
 7.857800E-2      2.279689E-1      3.549712E-1      4.472998E-1      4.959170E-1      4.959169E-1      4.472998E-1      3.549712E-1      
